1 0.8679837050216082 2.8155167558434226 9.718022280339474e-18
2 0.8679836948727162 2.8159391720642057 2.168222919134737e-17
3 0.8679837177580504 2.815774647887324 7.771940788009538e-18
4 0.7176115718444896 93.95333333333339 0.08217996564088105
5 0.8679836702481641 2.815859154929578 1.2878965189262645e-17
6 0.8679837418024748 2.8162581008734837 1.8747153626633976e-17
7 0.8679836790261742 2.816028169014083 1.853390260625011e-17
8 0.8679836669132471 3.0787804126886322 1.0726403953156348e-17
9 0.8679837438177739 2.8160653889515204 7.916446138910416e-18
10 0.8679837065925683 2.8159436619718328 2.055129221948869e-17
11 0.8679837088081402 2.815774647887324 2.6129609257647223e-17
12 0.8679837108861989 2.8159718309859145 2.4528337856987544e-17
13 0.7176093956947028 93.95333333333339 0.08250047467819124
14 0.8679836717539255 2.8159154929577466 7.40987378744106e-18
15 0.8679837176352618 2.8159526493799323 1.8660814314815915e-17
16 0.8679836683763044 2.8161735700197257 9.485143986502443e-18
17 0.7176094159390848 93.95333333333339 0.08228874013331103
18 0.8679837273152307 2.8159199774584422 2.227219017191224e-17
19 0.717617083437805 93.95333333333339 0.08215459191355035
20 0.5799973819927244 92.93584905660374 0.5971905624513372
21 0.8679836945562346 2.8164507042253506 1.3113147373800785e-17
22 0.8679836848704778 2.816028169014083 1.607427313088049e-17
23 0.8679837170241068 2.8159154929577466 2.0827483233929794e-17
24 0.8679837047563784 2.816032685263452 2.2458257836547545e-17
25 0.867983675213546 2.8158354466046758 2.6800821633891535e-17
26 0.7176156769572052 93.95333333333339 0.08217707135304769
27 0.5799766012644162 92.93679245283008 0.5973769364622651
28 0.5058629209141783 93.38584905660372 0.4794851988203255
29 0.8679837139449527 2.816028169014083 1.120802118921177e-17
30 0.8679836742771911 3.713595839524517 2.4517960315782672e-18
31 0.8679836537859802 2.8159436619718328 2.2804064268032742e-17
32 0.8679836610142397 3.280932064325566 1.4123190937780105e-17
33 0.7176158502044226 93.95333333333339 0.08205918057533158
34 0.867983675603706 2.815863623555931 7.310719406461103e-18
35 0.5799724683650578 92.93584905660374 0.5977458070057401
36 0.8679836716916328 2.8158873239436644 2.4360638133396564e-17
37 0.7175956780889003 93.95333333333339 0.08219863954283907
38 0.8679836860014541 2.9094295692665897 5.205562176555104e-18
39 0.8679837038187553 2.816089039165963 1.0755554838059574e-17
40 0.8679836603909129 2.9043579314352086 9.139083020880047e-18
41 0.8679837337365502 2.816511693434771 4.2913805355418566e-18
42 0.8679836623910315 2.8158873239436604 1.3935222093338948e-17
43 0.7176198707190922 93.95333333333339 0.08233426457680036
44 0.7176085869512703 93.95333333333339 0.08217879696816317
45 0.4447125593921573 92.9094339622641 1.1078455038831214
46 0.8679836602964253 2.8159718309859145 6.872809200060493e-18
47 0.8679836548515532 2.8159436619718328 9.537386138508537e-18
48 0.8679837395357081 2.815863623555931 2.1557978821735288e-17
49 0.8679837171219958 2.8158918005071825 5.753714160254446e-18
50 0.7176127767893844 93.95333333333339 0.08228466624905588
51 0.4447146950120187 92.90849056603763 1.107699339879388
52 0.7175960219665503 93.95333333333339 0.08237536597739284
53 0.8679837248816832 2.8157138834131206 1.1891003460782017e-17
54 0.7175981839403024 93.95333333333339 0.08233832715222053
55 0.7176187970912395 93.95333333333339 0.08229344633602169
56 0.8679837143145462 2.8163989856297533 1.739912629802664e-17
57 0.8679836781815562 2.8156575612503505 2.011755586502583e-17
58 0.5799751858272991 92.93584905660374 0.5975767443648995
59 0.7175999692038308 93.95333333333339 0.08238598973489586
60 0.8679836743973481 2.8159436619718283 1.0245379045147476e-17
61 0.8679836745717335 2.81580281690141 2.056715290565204e-17
62 0.8679836570422809 2.8159154929577466 1.6573666628948462e-17
63 0.8679837322976851 2.81560123908758 2.7605095976394376e-17
64 0.8679836585774445 4.272008547008547 6.525382974469946e-18
65 0.8679836726778684 2.8159718309859145 1.2572700539743942e-17
66 0.7176206568061656 93.95333333333339 0.08233337781610023
67 0.8679837450800303 2.8159526493799323 9.274907027192024e-18
68 0.8679836758077872 2.8159154929577466 7.233852230373816e-18
69 0.867983716839407 3.5934219985621834 1.9759942838206306e-17
70 0.5799968384685797 92.93584905660374 0.5970365613790838
71 0.8679837024906853 4.270354549337887 7.996677312210733e-18
72 0.7176200965816567 93.95333333333339 0.08212702471485968
73 0.7175956347731617 93.95333333333339 0.08229506936515808
74 0.867983695715471 2.851526390870187 1.3791856406929294e-17
75 0.8679836846409995 2.815891800507187 1.800697361594377e-17
76 0.8679837033993781 2.8161735700197257 1.2286621817703555e-17
77 0.5799703786904845 92.93584905660374 0.5973499316485902
78 0.8679837285831568 2.8159999999999967 1.996336638952865e-17
79 0.8679837136609684 2.815863623555931 6.971509945997476e-18
80 0.8679836447171158 3.644331024425809 3.3907902211275836e-18
81 0.867983653868767 2.8159436619718283 1.1224633877957636e-17
82 0.7176175139727711 93.95333333333339 0.08201671524365972
83 0.8679836718981763 4.173945720250525 5.789293029697897e-18
84 0.8679836979452252 2.815891800507187 1.084755805216867e-17
85 0.8679836793785578 4.172287145242072 1.0888127475865934e-17
86 0.7176080178272554 93.95333333333339 0.08223196609336283
87 0.8679836756999906 2.8159718309859145 1.4191381350685498e-17
88 0.4447223262357852 92.90849056603763 1.1076939034410562
89 0.8679836789955152 2.81614539306847 2.915033832484085e-17
90 0.8679836821808237 2.815779092702173 2.850559102166369e-17
91 0.7176150388883976 93.95333333333339 0.08233414815679935
92 0.7176091174773552 93.95333333333339 0.08222953973157182
93 0.8679836486596182 4.174070981210853 1.0450318524942603e-17
94 0.8679837488564673 2.8159526493799323 2.77436848149505e-17
95 0.7176200561947307 93.95333333333339 0.08212238243412558
96 0.8679837096290529 2.8159154929577466 8.751171933798828e-18
97 0.7175994981552977 93.95333333333339 0.08228636546906713
98 0.867983690731941 2.816056338028169 2.407660850950867e-17
99 0.8679836735294086 2.8159718309859145 4.2913805355418566e-18
100 0.8679836518205727 2.8159436619718283 1.533165129244264e-17
101 0.867983725409799 2.8157509157509173 8.284490746706019e-18
102 0.57999399371238 92.93584905660374 0.5974029854890421
103 0.7175955571110513 93.95333333333339 0.08206555479808061
104 0.7176217741986731 93.95333333333339 0.08212713128720164
105 0.7176154517306951 93.95333333333339 0.08201779857259622
106 0.8679836533556102 2.8159154929577466 3.679704339789327e-18
107 0.8679836748411327 4.371141233056407 8.910086044942752e-18
108 0.8679837177006061 2.8159763313609494 9.426025477133016e-18
109 0.8679836753816962 2.8159436619718328 1.9042997941286525e-17
110 0.8679836839417309 2.8160000000000007 1.5062931957375442e-17
111 0.7175981932986171 93.95333333333339 0.08220196498136566
112 0.7176179343043688 93.95333333333339 0.08209262460245753
113 0.717608120587839 93.95333333333339 0.08231631964740797
114 0.8679836523512771 5.1687693898655604 1.4200069368842985e-17
115 0.8679837101422824 2.815863623555931 9.517828935142748e-18
116 0.8679836857568901 2.8160000000000007 1.8922753587051176e-17
117 0.71761824765848 93.95333333333339 0.08204972331219153
118 0.7176152975394906 93.95333333333339 0.08230467286606184
119 0.8679836826694675 2.8158873239436604 1.0991184068363728e-17
120 0.7176221810322007 93.95333333333339 0.0821695404210091
121 0.867983663890027 2.8159154929577466 8.025536169836223e-18
122 0.7175956840896914 93.95333333333339 0.08218125348903689
123 0.8679836825285004 2.81614539306847 9.030609047376871e-18
124 0.867983705774846 2.815859154929578 3.679704339789327e-18
125 0.8679837380086223 3.1765490943755976 2.4865461610312947e-17
126 0.8679836582600945 2.8158918005071825 1.796639884616547e-17
127 0.8679836876675194 2.816281690140846 2.206274785026031e-17
128 0.8679837136193514 2.816089039165963 2.5914792657208273e-17
129 0.8679836556381789 2.816028169014083 7.302218567066832e-18
130 0.8679836474640995 2.8159436619718328 1.1653581533533636e-17
131 0.717619636315296 93.95333333333339 0.0822108943109283
132 0.867983678305604 3.1765490943755976 1.9947339908116838e-17
133 0.5372902444502903 90.20091743119274 0.27350198897037625
134 0.8679837063708582 2.816121758737314 9.863927642342935e-18
135 0.8679836842313627 2.816314454775991 2.2230319868862728e-17
136 0.7176135679549557 93.95333333333339 0.08199342982636318
137 0.8679836800637768 2.815830985915492 1.3587689369563276e-17
138 0.7176044258971708 93.95333333333339 0.0822899915546022
139 0.8679836721775039 2.8160000000000007 1.4830221636246812e-17
140 0.5799954584575625 92.93584905660374 0.597405340401964
141 0.5799699576059265 92.93679245283008 0.5973072373637425
142 0.8679836443656044 4.37305336832896 1.562057317923018e-17
143 0.8679836726845265 2.8159436619718328 8.123611534160164e-18
144 0.8679836979540873 2.8165962242885336 1.4813459583265396e-17
145 0.867983667642372 2.8158918005071825 4.011026390024545e-17
146 0.8679837196096641 2.8162862778247395 1.296188944426664e-17
147 0.4447205548590276 92.9094339622641 1.107912997290568
148 0.8679836843490577 2.8160000000000007 1.2694380617901968e-17
149 0.8679836750083438 2.8159718309859145 1.266131111537518e-17
150 0.5799780859688728 92.93679245283008 0.5975670471641936
151 0.8679836740589968 2.8159999999999967 1.7802302848693523e-17
152 0.867983685302651 2.8158354466046758 2.6511893230049278e-17
153 0.8679836406989249 2.8857678983833726 1.0995421497320882e-17
154 0.867983682689814 2.8158354466046758 5.600545981851473e-18
155 0.7176201411478847 93.95333333333339 0.08192234214107998
156 0.8679836686648206 4.2143760539629005 1.047914400567204e-17
157 0.8679837262637721 2.81580281690141 1.5860328923216522e-18
158 0.86798366653404 2.816089039165963 6.033002234864915e-18
159 0.7176172279733408 93.95333333333339 0.08217607503647684
160 0.7176139921580915 93.95333333333339 0.0822833420877876
161 0.8679836532339321 2.815859154929574 2.0479388021118215e-17
162 0.8679836692460171 2.815967333145593 1.1040519544572054e-17
163 0.8679837084536404 2.816591549295773 1.5767046501527243e-17
164 0.8679837244475411 2.8160608622147074 1.0893268270152017e-17
165 0.7176102621560756 93.95333333333339 0.08233831215606871
166 0.8679836586349744 4.37309711286089 2.0527414187057552e-18
167 0.8679836867205414 2.8159999999999967 8.918143774699109e-18
168 0.8679836694797438 2.8158354466046758 1.1818963893715386e-17
169 0.5799934541930677 92.93584905660374 0.5976720211886141
170 0.8679837114814971 2.8162299239222324 2.3424787817638496e-17
171 0.8679836525071575 2.816028169014083 1.7425879109118653e-17
172 0.8679837380560849 2.8159526493799323 2.3182914314879906e-17
173 0.7176181191105105 93.95333333333339 0.08207270446296211
174 0.867983681608536 5.308868826340941 4.342914582231572e-18
175 0.8679836683905392 3.1765173180807116 1.4498616511179927e-17
176 0.8679836836115946 2.816089039165963 1.469875943125716e-17
177 0.5405464347555741 88.99549549549549 0.2756579019570081
178 0.8679836527614367 2.871818442976153 2.5930965631421018e-17
179 0.8679836832075345 2.8164271625810087 2.0819280648066353e-17
180 0.7176176595715781 93.95333333333339 0.08222913284934331
181 0.8679836696010074 2.815859154929574 2.520461325192879e-17
182 0.8679837305982704 2.815830985915492 7.651126062904405e-18
183 0.7176093778333265 93.95333333333339 0.08228226514312739
184 0.8679836841254766 2.8159481544096936 7.990633938479983e-18
185 0.5799749604839889 92.93584905660374 0.5976158142292725
186 0.8679836970336088 2.8162862778247395 1.5290070418590166e-17
187 0.7176113517266463 93.95333333333339 0.08222847902770161
188 0.8679836456662945 3.9559161060546066 1.0928526876529734e-17
189 0.7176089902522056 93.95333333333339 0.08226639829853578
190 0.8679836979170915 2.8158028169014058 1.8236611220408248e-17
191 0.7175955464427668 93.95333333333339 0.08233314586404213
192 0.7176091618769791 93.95333333333339 0.08231189265645501
193 0.8679836864592002 2.8157138834131206 1.3161607500401705e-17
194 0.8679836694680375 2.815826527738665 3.628712900174131e-18
195 0.8679836525177209 4.2721367521367535 1.9284905508467612e-17
196 0.8679837155789584 2.81614539306847 1.5448688497021653e-17
197 0.7176037018903524 93.95333333333339 0.0821705883917207
198 0.5799798001350979 92.93584905660374 0.5976154202493201
199 0.3098888381046504 93.04622641509442 1.6220300435657986
200 0.8679836972889411 2.81614539306847 2.088852828120858e-17
201 0.7176184087579498 93.95333333333339 0.08200115896722873
202 0.7176157907565561 93.95333333333339 0.08223608366962248
203 0.8679837186405608 2.8159526493799323 1.152360938543234e-17
204 0.8679837220529603 2.815830985915492 2.6575072588591383e-17
205 0.7175961431466891 93.95333333333339 0.0821865384950662
206 0.8679837441110874 2.8159199774584383 3.5639477993402684e-18
207 0.867983668494784 2.8159436619718328 6.41471874673058e-18
208 0.5799956967165691 92.93584905660374 0.5975786624217249
209 0.7176063298916064 93.95333333333339 0.08224532444518756
210 0.8679836526765538 2.8159436619718283 6.806974002388901e-18
211 0.867983654734858 4.175689223057646 1.5073969954802237e-17
212 0.8679836627891168 2.8159436619718328 4.492895926193393e-18
213 0.8679836994228579 2.8158354466046798 1.0704906131539958e-17
214 0.5799950220228601 92.93584905660374 0.5974019982536841
215 0.7176104662862083 93.95333333333339 0.08223193971790899
216 0.8679836711487049 2.8159718309859145 5.286776307738841e-19
217 0.8679836724405816 2.815859154929578 2.5268603194238523e-17
218 0.8679837229847598 3.643075801749268 8.37104404153942e-18
219 0.867983654852241 3.17746344564526 1.2901752389120633e-17
220 0.8679836905536759 2.8158546888200524 1.1427538165741416e-17
221 0.4447171162910683 92.9094339622641 1.1086438218806243
222 0.7176102787770225 93.95333333333339 0.0823328055294705
223 0.8679836740579984 4.272094017094016 1.4598292772860924e-17
224 0.8679836881725436 2.8160045083122007 1.25430245726192e-17
225 0.8679837504899172 2.815891800507187 2.174087437527157e-17
226 0.867983678296338 2.8159199774584383 1.6184022691892823e-17
227 0.579970224445374 92.93584905660374 0.59756274635314
228 0.8679837112973768 2.8164553395322645 1.4567176782597146e-17
229 0.8679837094624127 3.0731017522287085 3.961142386541236e-18
230 0.8679836872720939 2.8159436619718283 8.214848216701088e-18
231 0.8679836725456129 2.81580281690141 7.265979045273394e-18
232 0.7176175290010631 93.95333333333339 0.08202398404808404
233 0.867983680908275 2.816089039165963 2.758371281385859e-18
234 0.8679836606482859 2.8159391720642057 2.752736196273884e-17
235 0.7176083150740543 93.95333333333339 0.0826421731029901
236 0.8679837535306332 2.8160372040586252 3.4286237781985835e-17
237 0.8679836694954249 2.8162535211267596 1.1091035657827462e-17
238 0.8679837267163489 2.8162299239222284 1.15518717107523e-17
239 0.8679836567315836 4.175730994152046 1.0673164879009195e-17
240 0.8679836841668263 2.8158028169014058 1.2483461001013785e-17
241 0.7176152014234857 93.95333333333339 0.08222992443733576
242 0.8679837093641881 2.8161735700197212 1.5087652321858126e-17
243 0.7176200322859192 93.95333333333339 0.0818647071295293
244 0.5799699037227276 92.93584905660374 0.597669293365196
245 0.5799865279083116 92.93584905660374 0.5975194851946128
246 0.5799776724894682 92.93584905660374 0.5971753090430574
247 0.8679836967683524 2.8161172161172146 1.0227175810670938e-17
248 0.7176044103286301 93.95333333333339 0.08207370153574743
249 0.7176199420089704 93.95333333333339 0.08202057501266856
250 0.7176081503110741 93.95333333333339 0.0821764768256566
251 0.8679836730569656 2.81580281690141 7.244576998650336e-18
252 0.8679837247257369 2.815976331360945 1.5159523137754718e-17
253 0.7176058967495852 93.95333333333339 0.08228157888807647
254 0.44472000815003804 92.9094339622641 1.1081137901024156
255 0.8679837147573852 2.8160890391659588 1.4601247115427116e-17
256 0.5799972218828361 92.93584905660374 0.5971376131392462
257 0.8679836737843625 2.815863623555931 2.4671622769447924e-18
258 0.7175958683819594 93.95333333333339 0.08232641853569593
259 0.867983654715867 4.373097112860896 9.036289200732304e-18
260 0.8679837366087636 2.8159718309859145 1.0349426331826267e-17
261 0.8679836811095772 2.8158828499014352 1.5884785882883813e-17
262 0.7175971133283733 93.95333333333339 0.08241027085866803
263 0.7175992486309545 93.95333333333339 0.08223146483750572
264 0.8679837205637929 2.8161172161172185 1.5159523137754719e-18
265 0.867983718402352 2.8159110109828225 5.5082920969029505e-18
266 0.8679836630554436 2.81614539306847 5.257323285769117e-18
267 0.7175955929558648 93.95333333333339 0.08224030088280455
268 0.717596615153997 93.95333333333339 0.08223205188546998
269 0.8679837019203395 2.8160045083122007 5.482862554133818e-18
270 0.7176221439867047 93.95333333333339 0.08213195361048144
271 0.8679836792618117 2.816056338028169 1.1870091589754657e-17
272 0.8679836883801237 2.8160000000000007 9.522722001493802e-18
273 0.5799918104423253 92.93584905660374 0.5970424585887157
274 0.7176148335955308 93.95333333333339 0.08208891772568043
275 0.5799874535835546 92.93584905660374 0.5978559581728515
276 0.867983665200154 2.8157138834131246 1.4170576876271655e-17
277 0.7176106184770044 93.95333333333339 0.08217992793779196
278 0.8679836871076304 2.816314454775991 2.0002995554345172e-17
279 0.8679837057166345 2.9195677570093435 1.8454709859670207e-17
280 0.8679836911456622 2.816281690140846 2.6891052555906655e-17
281 0.7176181424624525 93.95333333333339 0.08217886177417309
282 0.8679836962278968 2.8159718309859145 5.963104548307282e-18
283 0.7176103069170542 93.95333333333339 0.08230914754424709
284 0.8679836631302181 2.815971830985919 8.085292398174784e-18
285 0.8679836999096956 2.816032685263452 8.952898948394399e-18
286 0.7175996851704114 93.95333333333339 0.0823360090610999
287 0.8679836632780388 3.0091210114388933 2.780253381101723e-17
288 0.8679836959705758 2.8159436619718328 1.281732853607367e-17
289 0.867983659181219 2.816028169014083 1.0841830724392349e-17
290 0.8679837070826542 2.81554491692481 1.621661122187459e-17
291 0.867983678008571 2.8159999999999967 6.7543036055649536e-18
292 0.7176199708623769 93.95333333333339 0.08223030822799313
293 0.8679836778431098 2.815830985915492 5.650231443878566e-18
294 0.7175964910719201 93.95333333333339 0.08233365409962522
295 0.7176081726049303 93.95333333333339 0.08222792162065468
296 0.8679837224991698 2.8164271625810087 7.265979045273394e-18
297 0.7176125451827061 93.95333333333339 0.08231139929271189
298 0.8679836808763116 2.8157138834131206 5.732083579321719e-18
299 0.7176036988119728 93.95333333333339 0.08238589545140128
300 0.8679836859191166 2.8160000000000007 1.0579425180559968e-17
301 0.8679837060188207 2.9384185773074663 1.1189811476698226e-17
302 0.8679836607965052 2.8159199774584383 1.934475366498996e-17
303 0.7175958867685541 93.95333333333339 0.08212481349038904
304 0.8679836860459458 2.8163989856297573 8.087212667148108e-18
305 0.8679837120012862 2.8162581008734837 4.026288882119596e-18
306 0.8679837334268833 2.8159718309859145 2.3864133207373136e-17
307 0.7176115303901967 93.95333333333339 0.08223322278977978
308 0.8679837003017459 2.81554491692481 1.0410759018703245e-17
309 0.8679836548497268 2.8158873239436604 1.81948417519671e-17
310 0.8679836580640073 4.373097112860896 2.7564312358807233e-18
311 0.8679836760212082 2.979701937406854 1.014351382678594e-17
312 0.8679836794180102 2.8160000000000007 2.3646465959205484e-17
313 0.8679837200687127 2.816201746970977 5.312852172739199e-17
314 0.8679836759594719 2.8158354466046758 4.203642880654708e-18
315 0.8679836992992072 2.8160000000000007 1.906581564642286e-17
316 0.8679836968490241 2.816028169014083 5.62268261352315e-18
317 0.8679836894065159 2.8160608622147074 7.19942561151364e-18
318 0.717609063865824 93.95333333333339 0.0823398748306318
319 0.8679836695592175 2.8161735700197212 1.2377280637907282e-17
320 0.8679836920466192 4.172161936560935 1.668044134615783e-17
321 0.8679837255210234 2.815798366657278 2.6262977380513057e-17
322 0.7176014210473326 93.95333333333339 0.08225475489934347
323 0.8679836694701117 2.816309859154928 9.694025151901898e-18
324 0.8679836931179498 2.81614539306847 1.972785528468587e-17
325 0.8679836656444307 2.8159718309859145 1.132379821404637e-17
326 0.5372903571545576 90.20091743119274 0.2730556198227814
327 0.8679837301217375 2.816201746970977 2.838549799388458e-17
328 0.717613088068414 93.95333333333339 0.08217483637875338
329 0.8679836740613915 2.8159718309859145 6.770377102793663e-18
330 0.8679836821066559 2.8158873239436604 1.3652672606728713e-17
331 0.8679836703293867 3.2320400905269957 1.0181715976022872e-17
332 0.8679836906905947 5.303554376657823 1.3050347270250697e-17
333 0.8679836589309158 2.8376099914845287 2.191232549248306e-17
334 0.8679836619040742 4.270226398974794 1.4450999476830247e-17
335 0.8679837075236386 2.8156575612503545 2.1488720695923086e-17
336 0.8679836743667582 2.815859154929574 2.4526438619323325e-17
337 0.8679836847047452 2.8160000000000007 1.1965204979736352e-17
338 0.8679837075830126 2.815742044494508 3.669054921614804e-17
339 0.8679836712182216 2.8160000000000007 5.15893541935359e-18
340 0.8679836631499804 2.816201746970977 1.152360938543234e-17
341 0.4447138184648774 92.90849056603763 1.1077389446585764
342 0.8679836599894186 2.8159718309859145 1.8523007950705322e-17
343 0.5799707226265813 92.93584905660374 0.5973586393416151
344 0.8679837578793828 2.8160372040586212 2.8568166004481395e-17
345 0.8679836508592129 4.270354549337887 1.0788708808173355e-17
346 0.867983720318051 2.8159718309859145 8.039068337266109e-18
347 0.8679836678705399 3.0329186893203883 1.9683083250442014e-17
348 0.8679837279645343 2.8161172161172146 1.0592626548139371e-17
349 0.5799974531533797 92.93584905660374 0.5971995132090209
350 0.8679836874421605 2.815798366657282 1.0046420706800306e-17
351 0.8679836921207957 2.81614539306847 9.426025477133016e-18
352 0.8679836763898718 2.8159999999999967 6.3685603526540835e-18
353 0.7176113724693703 93.95333333333339 0.08192191821428782
354 0.5799879429437759 92.93584905660374 0.5974563871425571
355 0.8679836532595935 2.8159718309859145 1.423508085781385e-17
356 0.8679836833621136 2.815863623555931 1.0627750026280047e-17
357 0.8679836578500708 2.8158873239436604 1.6630719006377596e-17
358 0.8679836498317288 2.8159436619718328 7.403584460699599e-18
359 0.8679836447019889 4.3710975076519505 7.367383037499014e-18
360 0.8679837400890793 2.8159199774584383 1.6415513744573467e-17
361 0.7176163274414207 93.95333333333339 0.08182826467091224
362 0.8679837183320167 2.815976331360945 2.166145081648222e-17
363 0.8679836611881188 2.8159436619718328 1.0427152751455565e-17
364 0.8679836604624778 2.8159199774584383 1.0046420706800306e-17
365 0.8679836898545575 2.8160000000000007 5.289712590279984e-18
366 0.8679836554567943 2.8159436619718328 1.5604699407257877e-17
367 0.8679836841288493 2.8159436619718283 1.4974015527523235e-17
368 0.867983714924014 2.891813711310385 2.1071339231292838e-17
369 0.8679836937034393 2.8165070422535226 1.2707828706307052e-17
370 0.8679837055457608 2.93853615520282 3.102178288375894e-17
371 0.8679836918286807 2.816342631727246 2.2129507922126553e-17
372 0.8679836898240499 2.816089039165963 9.634576686958593e-18
373 0.8679836698699832 3.127816020025031 5.559630556509452e-18
374 0.8679836894900831 2.8159199774584383 1.482393808749942e-17
375 0.8679836707653443 4.270183682187099 8.309028813650484e-18
376 0.8679837192235619 2.8160608622147074 1.4991633851364247e-17
377 0.8679837574283015 2.8159718309859145 1.4019651826194503e-17
378 0.5799970101396491 92.93584905660374 0.5974669100795871
379 0.7176186478000821 93.95333333333339 0.08228534416741559
380 0.8679836791918821 2.816056338028169 1.9765599940275155e-17
381 0.8679836751405058 2.8160000000000007 2.3907688642756862e-17
382 0.5799708607690233 92.93584905660374 0.5973057539464982
383 0.8679837117026398 2.8162299239222324 2.2866623245087374e-17
384 0.8679836691000343 3.285080512651988 3.1018648538503944e-17
385 0.8679837031531673 2.8159718309859145 1.0646726863086495e-17
386 0.8679837121446417 2.81580281690141 2.7279173768279362e-17
387 0.8679836708897605 2.8159718309859145 1.152360938543234e-17
388 0.8679836585822162 2.815863623555931 2.0262910816694862e-17
389 0.5799731668141682 92.93584905660374 0.5971909396140297
390 0.7176105224172775 93.95333333333339 0.08196856571046374
391 0.8679836448383684 2.907562536358351 5.444771921533335e-18
392 0.867983734483926 2.815798366657278 1.704934130023547e-17
393 0.8679837053203204 2.8160000000000007 1.5794597527409882e-17
394 0.8679837368411312 2.815826527738665 1.705844642307421e-17
395 0.8679836812655145 4.174029227557407 8.380500320709495e-18
396 0.8679837181471531 2.8159199774584422 8.123611534160164e-18
397 0.7176123150989097 93.95333333333339 0.08228235205440795
398 0.7176131205470642 93.95333333333339 0.0820712140943838
399 0.7175957245697157 93.95333333333339 0.08223339342045027
400 0.8679836744595014 3.176676199555132 3.8718346534380436e-17
401 0.8679836518121533 2.815859154929578 1.1046143854434856e-17
402 0.8679836900010931 2.815830985915492 1.4988526240237124e-17
403 0.5799698657367564 92.93584905660374 0.5973724557224229
404 0.8679836670533625 2.8160000000000007 2.612009936815244e-17
405 0.717606683901386 93.95333333333339 0.0822810734553298
406 0.8679836762625673 2.8159999999999967 1.1159426257133255e-17
407 0.717598670783257 93.95333333333339 0.08238516264761787
408 0.8679837334866812 2.816032685263452 2.7522848910497224e-17
409 0.717598512551194 93.95333333333339 0.08198997305799811
410 0.8679836838495821 2.8158828499014352 1.538119806056254e-17
411 0.8679836789113327 2.816201746970981 2.850341202830921e-17
412 0.867983703967587 4.371228683865326 8.927802886387491e-18
413 0.7176086252432112 93.95333333333339 0.08243817241954629
414 0.717605679390226 93.95333333333339 0.08213263523783507
415 0.5799793945924371 92.93584905660374 0.5975652508487812
416 0.7176120372063687 93.95333333333339 0.08223313590460953
417 0.5405552189426615 88.99549549549549 0.2752554546673983
418 0.8679837068234761 2.816258100873488 1.2355935070833407e-17
419 0.8679836879651703 2.816089039165963 1.610611964925679e-17
420 0.8679837375877133 2.8162862778247395 2.412235523448515e-17
421 0.8679836901992509 2.81614539306847 1.071940161026073e-17
422 0.867983665950959 2.8155167558434226 9.163745600080657e-18
423 0.7175958727009707 93.95333333333339 0.08218016373202638
424 0.7176155976833091 93.95333333333339 0.08228496356775128
425 0.8679836875739639 2.816028169014087 2.297704321411962e-18
426 0.8679836698467897 2.8158873239436644 3.116010388226281e-17
427 0.7176128585834999 93.95333333333339 0.08255658648895997
428 0.7176084370219765 93.95333333333339 0.08238403306594534
429 0.8679836766940175 2.815798366657278 1.6247223068320328e-17
430 0.8679837256161244 2.8160000000000007 2.784424622533224e-17
431 0.8679837051140868 2.816089039165963 1.947196262196241e-17
432 0.8679836546468497 2.8159436619718283 1.5700924586837754e-17
433 0.8679837642326145 2.815742044494508 1.0876149451397146e-17
434 0.8679836641319937 2.8159718309859145 1.9452814575745914e-17
435 0.8679836893172049 2.8158354466046798 2.2915463314779733e-17
436 0.8679836783811788 2.8159718309859145 5.218785860237809e-18
437 0.7176081110552683 93.95333333333339 0.082229107502395
438 0.717605630401844 93.95333333333339 0.08227255900746804
439 0.8679836736188056 2.8161172161172146 1.9646616794874102e-17
440 0.8679836966038016 3.643148688046648 1.3975882248593616e-17
441 0.5058228520114977 93.38584905660372 0.4802433348036933
442 0.5799957427988734 92.93679245283008 0.5972655164960815
443 0.8679837346704209 2.8159999999999967 1.3643570823979247e-17
444 0.7176115385944599 93.95333333333339 0.08233937524494807
445 0.8679837038678491 2.8158354466046798 2.1302202663223463e-17
446 0.44472031919716126 92.9094339622641 1.1079639146123617
447 0.8679836772142717 2.815863623555931 1.2099417689115639e-17
448 0.867983664455737 4.175647451963242 6.0904396510140254e-18
449 0.8679837228184142 2.815742044494508 1.8724776874205292e-17
450 0.8679836641667966 2.815863623555931 3.3667906513052993e-18
451 0.8679836481979419 4.494964028776979 1.1864998468525352e-17
452 0.8679837144869611 2.8162581008734837 9.246402319182984e-18
453 0.867983701072934 2.816060862214712 2.2045145808356984e-17
454 0.8679836782723405 3.641785063752276 1.7224932496813497e-17
455 0.7176220430862902 93.95333333333339 0.08196852558512198
456 0.8679837248686911 2.8161172161172146 1.2483461001013785e-17
457 0.8679837384262704 2.816056338028169 9.981294280338402e-18
458 0.8679837064868309 2.816342631727246 1.0586761305968676e-17
459 0.7176176181996601 93.95333333333339 0.08207750858450721
460 0.717611222014519 93.95333333333339 0.08224221044156522
461 0.8679836476465767 3.145531780994336 3.127228894698477e-17
462 0.8679836884214688 2.816089039165963 2.658208324803147e-17
463 0.71761052163283 93.95333333333339 0.08243898612291377
464 0.8679837102298387 2.8160000000000007 8.31255798943535e-18
465 0.8679836791349236 2.8160000000000007 8.117875194830634e-18
466 0.8679836932337831 2.816060862214712 1.0995421497320882e-17
467 0.717612061803684 93.95333333333339 0.08242049403882042
468 0.7176061307343211 93.95333333333339 0.08223369682009284
469 0.7175974056751485 93.95333333333339 0.08218146263935197
470 0.8679836870160922 2.8160000000000007 1.1033485125543435e-17
471 0.7176167872609036 93.95333333333339 0.08217608800847995
472 0.8679837219510933 2.816032685263456 2.348767682153092e-17
473 0.5799715691180626 92.93584905660374 0.5975858203503417
474 0.867983655976469 4.272051282051285 1.98631224351187e-17
475 0.5799699139542036 92.93584905660374 0.5977323678866124
476 0.8679836776334909 2.815774647887324 1.584073616845699e-17
477 0.4447151059730607 92.90849056603763 1.1077909932060295
478 0.8679836666889854 2.8158028169014058 4.018568282720122e-18
479 0.8679836958085567 2.8161172161172146 2.7238159284021663e-17
480 0.8679836813199517 3.176676199555132 1.0596584208804973e-17
481 0.8679836967394998 2.8158873239436604 5.465843798475739e-18
482 0.8679837471270545 2.8161408450704233 2.9836347275412064e-17
483 0.7176080153429093 93.95333333333339 0.08228514590432952
484 0.8679836604223559 2.815830985915492 4.984420503758016e-18
485 0.8679836754366542 2.8159718309859145 4.741753391019655e-18
486 0.5799696610212653 92.93679245283008 0.5975756749177381
487 0.8679837306067162 2.8157138834131206 2.31715250170592e-17
488 0.7176187290860749 93.95333333333339 0.08228132204266961
489 0.8679836816967635 2.9637414764304766 1.6295276605381444e-17
490 0.867983695129455 2.8158354466046758 2.5625569453401927e-17
491 0.867983643533382 2.855327049414453 1.7083006014186595e-17
492 0.8679836734036213 2.8159154929577466 1.8426351624145226e-17
493 0.8679836876524882 2.8162299239222284 1.773851546377707e-17
494 0.8679836743805173 2.8159718309859145 9.931387496235596e-18
495 0.8679837193348633 3.643039358600583 1.3805471273430093e-17
496 0.8679836702431358 2.8158918005071825 2.2935105627885246e-17
497 0.8679836869757531 2.8158873239436604 9.694025151901898e-18
498 0.8679836884322721 2.816201746970977 1.239357891271067e-17
499 0.8679836975743691 2.8159199774584422 1.5588770145066246e-17
500 0.8679836759632172 2.8159110109828225 1.1926209096614565e-17
501 0.7176200066117148 93.95333333333339 0.08198318699246632
502 0.8679837057418228 2.8159718309859145 6.747403242511461e-18
503 0.8679836488301618 4.371141233056407 1.331120112212074e-17
504 0.867983658086699 2.8159436619718328 1.9744377449977072e-17
505 0.8679837476353189 2.8160045083122007 9.143389235213787e-18
506 0.8679836713852006 2.8159718309859145 1.7375907210345537e-17
507 0.8679836853369787 2.8156575612503505 7.278790067349048e-18
508 0.8679836855306978 2.8161735700197257 2.841556883372578e-18
509 0.8679836424925795 3.290585911784065 1.49952747635858e-17
510 0.8679836808400372 2.815863623555931 1.623575038966127e-17
511 0.7176038810214527 93.95333333333339 0.08226005587452465
512 0.71762012909101 93.95333333333339 0.08200446636939082
513 0.8679837268570122 2.8161735700197257 1.5548875594324962e-17
514 0.8679837375629146 2.8158828499014352 2.0295835627840934e-17
515 0.7176095605883082 93.95333333333339 0.08239541539556518
516 0.8679837265465766 2.8161735700197257 3.394578828940165e-17
517 0.86798368086061 2.816089039165963 1.2661311115375181e-17
518 0.8679836701468455 2.816032685263456 5.608857457087517e-18
519 0.7176222020911575 93.95333333333339 0.08207990309190202
520 0.8679836979347472 2.816028169014083 9.490053905209232e-19
521 0.5799698659851852 92.93584905660374 0.5974727431390437
522 0.8679836815690348 2.8158072696534204 1.3881633474673827e-17
523 0.8679836888000887 2.8158918005071825 2.0858028090096118e-17
524 0.8679836747808479 2.9813599761407694 2.4671622769447922e-17
525 0.8679837147932161 2.8164271625810087 1.3342056370293897e-17
526 0.8679836683130487 3.71624535315985 1.3585725043280193e-17
527 0.86798367276031 2.8159154929577466 6.033002234864915e-18
528 0.7176082991439842 93.95333333333339 0.08223219665965306
529 0.7175966373261744 93.95333333333339 0.08218395900825454
530 0.8679836997465272 3.1755717916137267 9.085347810011666e-18
531 0.5799831286801854 92.93584905660374 0.5973497017605399
532 0.7176084470394418 93.95333333333339 0.08225431286895905
533 0.8679836596692341 3.643075801749268 4.464603577070627e-18
534 0.867983678921926 2.815967333145593 2.2844883031489545e-17
535 0.867983674196612 2.8159436619718328 1.3939678512414602e-17
536 0.8679836485293831 2.8159436619718328 1.722512169342494e-17
537 0.8679836440409555 2.8159718309859145 5.28677630773884e-18
538 0.8679836636048518 3.178600953895071 4.9752315713962125e-18
539 0.8679836897213619 2.8159718309859145 6.754303605564954e-18
540 0.7176097729111568 93.95333333333339 0.08243695880974079
541 0.5799697175547892 92.93584905660374 0.5975748507863563
542 0.7176195068073491 93.95333333333339 0.08196661577123125
543 0.8679837230868807 2.8162862778247395 1.2483461001013785e-17
544 0.867983698445241 2.8156945618484106 4.934324553889585e-18
545 0.8679836494545121 2.8159718309859145 2.1114772435960423e-17
546 0.8679836834555688 3.290552995391704 4.93673330412038e-18
547 0.8679837285448128 3.1518763796909464 9.182431065202515e-18
548 0.8679836773957514 2.816056338028169 2.3509483106668043e-17
549 0.8679836884074466 3.0065563909774444 1.0549663339337528e-17
550 0.7176148855233083 93.95333333333339 0.08223196051192871
551 0.8679837454708553 2.8158828499014352 1.7743766911702976e-17
552 0.8679836793919256 2.8158354466046758 1.4155227697587733e-17
553 0.867983654773072 2.8158873239436604 1.0667125701562608e-17
554 0.7175975627500915 93.95333333333339 0.08217932884532517
555 0.8679836496225883 2.8158873239436644 1.81948417519671e-17
556 0.8679836736400672 2.81580281690141 5.182958531441655e-18
557 0.8679836759703301 2.8160000000000007 1.6845018520598108e-17
558 0.8679836899943068 2.816089039165963 6.498889227328132e-18
559 0.8679836695752675 4.270098248611699 1.8936789549679903e-17
560 0.867983676243058 2.8159718309859145 8.890241809480707e-18
561 0.8679836706719932 4.173820459290189 1.481079919510991e-17
562 0.7176179381271861 93.95333333333339 0.08217671671578436
563 0.8679836677468571 2.815863623555931 1.4557580134698096e-17
564 0.7176142948326708 93.95333333333339 0.0822346576608851
565 0.7176084883871405 93.95333333333339 0.08218118249548324
566 0.867983677093603 2.8159199774584383 1.9035657870285497e-17
567 0.5711599691920359 93.93047619047616 0.1649564141432491
568 0.8679837018235782 2.8157790927021686 5.505472392547768e-18
569 0.867983730405439 2.815694561848406 1.681457152261883e-17
570 0.8679836705437894 2.9428024727700905 1.3673469748783889e-17
571 0.7176083286917656 93.95333333333339 0.0820048213654899
572 0.867983655924309 2.8158873239436604 3.3667906513052993e-18
573 0.8679836587310412 2.8159436619718328 8.531953582373154e-18
574 0.8679836882016475 2.8160000000000007 7.761944718550696e-18
575 0.8679836946121531 2.81580281690141 1.497919953859338e-17
576 0.8679836887195795 2.8159199774584383 9.199260849473317e-18
577 0.8679837013299669 2.815859154929578 5.8127832362187145e-18
578 0.7175993455607773 93.95333333333339 0.08212803700387909
579 0.8679837152101292 3.2894044093451793 2.6349304668153044e-18
580 0.8679836779199746 2.8159718309859145 2.6983283660744302e-17
581 0.7175966918576953 93.95333333333339 0.0821812614259866
582 0.8679836889724475 2.815971830985919 2.4734480508952005e-18
583 0.71759685554564 93.95333333333339 0.08212680368980875
584 0.8679836588378254 2.8158873239436604 2.624405081116498e-17
585 0.8679837089163457 2.8159154929577466 1.2463543220475726e-17
586 0.7176097019672845 93.95333333333339 0.08228821232618397
587 0.8679836815478198 2.8159199774584383 1.4011896674249132e-17
588 0.8679836665404307 2.8159436619718328 1.2200381044533607e-17
589 0.8679837227859472 3.643039358600583 7.527328674088112e-18
590 0.8679836856705105 2.8156294001689672 1.0403298781973999e-17
591 0.8679836550226077 2.815971830985919 3.8769692923418166e-18
592 0.8679837354100338 2.8159526493799323 5.0219427988608523e-17
593 0.8679837192419076 2.8164225352112684 1.4756747087395423e-17
594 0.7175993529846069 93.95333333333339 0.08210191055987309
595 0.8679836710329561 2.9498377102390085 8.047531880822761e-18
596 0.7176125123434054 93.95333333333339 0.08212824154989017
597 0.8679837108144858 2.8159718309859145 2.703100457939202e-17
598 0.8679836587502306 3.6431122448979583 1.6595570862843526e-17
599 0.7175994730051243 93.95333333333339 0.0819907945677232
600 0.867983667987959 2.883357369483705 1.2749305842224062e-17
601 0.5405996663531991 88.99549549549549 0.27526528571922715
602 0.7176121187959308 93.95333333333339 0.08243405790282526
603 0.8679836635035314 2.8158873239436644 4.5750898610140645e-18
604 0.8679837497040047 2.815891800507187 3.022158186981433e-17
605 0.8679836618456734 2.816201746970977 2.940015974566081e-17
606 0.8679836867340477 2.8156575612503505 1.432207987005821e-17
607 0.7176012156273782 93.95333333333339 0.08219799420641324
608 0.867983691804045 2.8159199774584383 7.534557925165708e-18
609 0.8679836681851463 2.8159436619718328 1.3935222093338948e-17
610 0.867983718726283 2.8159199774584383 5.572751537423335e-19
611 0.8679836824670277 3.0092715231788043 1.50970263045507e-17
612 0.8679837625759793 2.8158354466046798 1.4312318881545573e-17
613 0.8679837094799769 2.815863623555931 6.733581302610599e-18
614 0.8679836780209916 2.815863623555931 1.3836817753272276e-17
615 0.8679836781872186 4.477026421854006 1.1291488034720075e-17
616 0.8679836762476547 2.8159718309859145 1.0561797689536195e-17
617 0.5799834645794357 92.93584905660374 0.5976887984854914
618 0.8679836771429544 2.815859154929574 8.19213430719143e-18
619 0.8679836741797534 2.815859154929574 2.0831210614318982e-17
620 0.8679837031399528 2.816201746970977 2.166145081648222e-17
621 0.7176176474920664 93.95333333333339 0.08249769461582879
622 0.867983730589007 2.8161735700197212 2.047407982795894e-17
623 0.8679836655988715 5.2282949790794975 1.6257382182397134e-17
624 0.8679836459038764 4.37305336832896 1.2111609265398673e-17
625 0.7176139406035582 93.95333333333339 0.08228070226367935
626 0.8679836675735144 2.8159436619718328 3.52451753849256e-18
627 0.8679837463734816 2.81645533953226 1.999523132024669e-17
628 0.8679836709025941 3.1765173180807116 1.0463046393957821e-17
629 0.8679836584903097 2.8159436619718283 4.057024357809883e-18
630 0.8679837377658571 2.8160045083122007 1.5588770145066242e-17
631 0.8679836689562898 2.8160000000000007 6.0638092551018876e-18
632 0.7176197829992527 93.95333333333339 0.08224803316732615
633 0.5799731200911645 92.93584905660374 0.5976165002589718
634 0.579987887043697 92.93584905660374 0.5974733828096384
635 0.8679836949112315 2.8160000000000007 2.7505353838833356e-17
636 0.8679837185414271 2.815830985915492 1.618306321226003e-17
637 0.8679836831681237 2.8158828499014352 1.1821591205939396e-18
638 0.867983680107721 2.816281690140846 4.1102584438977376e-18
639 0.8679836411852989 3.2330530401034903 1.1889228198367868e-17
640 0.8679836532354133 2.8158873239436604 1.2330775331693213e-17
641 0.8679836760319932 2.8159999999999967 2.8485974081032074e-17
642 0.8679837464459034 3.6049404976559685 2.316756184996199e-17
643 0.8679837219898782 2.816032685263456 6.170422691321007e-18
644 0.867983649532984 3.3333111037012357 2.9453006593436076e-18
645 0.8679836760005687 2.816028169014083 1.708209702937662e-17
646 0.8679836831558227 2.8161172161172146 1.057355261547768e-17
647 0.7176153393726208 93.95333333333339 0.08228030053647087
648 0.8679836712224976 2.81614539306847 2.3583341973284234e-17
649 0.717611526346774 93.95333333333339 0.08206978362929025
650 0.8679837006337557 2.8158873239436604 9.381442116418916e-18
651 0.579991686393233 92.93584905660374 0.5971895673961981
652 0.7176099326071413 93.95333333333339 0.08223112552832129
653 0.8679836627406474 5.011077694235585 1.1580429779916287e-17
654 0.7176211694610064 93.95333333333339 0.08207181174000666
655 0.8679837006813493 2.816201746970977 2.4215513172651987e-17
656 0.71761072482885 93.95333333333339 0.08226700295435367
657 0.7176162649962248 93.95333333333339 0.0823344758886922
658 0.8679836602662471 2.81614539306847 1.586130792565091e-17
659 0.8679836764510136 4.333333333333333 2.5349486545898573e-18
660 0.8679836739413719 2.816028169014083 1.0602882914860091e-17
661 0.8679837021828026 2.8162299239222324 1.2572700539743942e-17
662 0.8679836651310927 2.815863623555931 6.2305256296975204e-18
663 0.5799899067021004 92.93584905660374 0.59729913089802
664 0.8679836501806071 2.8159154929577466 5.122689522573738e-18
665 0.8679836465437584 4.371097507651944 2.9923591162574383e-18
666 0.8679837394806188 2.8159199774584383 1.0275646109744344e-18
667 0.8679836635583478 5.158204334365328 2.6618083814045575e-17
668 0.8679836740859568 2.81580281690141 3.828768261435402e-17
669 0.8679837041617061 2.816258100873488 2.100639064063147e-17
670 0.8679837386173088 2.8159199774584383 1.8733067676858264e-17
671 0.867983667551561 2.8158546888200484 9.61683195133458e-18
672 0.44471252750650675 92.9094339622641 1.1082705475998151
673 0.7176166232829604 93.95333333333339 0.08223338132084475
674 0.8679836683050736 2.815863623555931 1.560370430478534e-17
675 0.7176196116411926 93.95333333333339 0.08233934026325514
676 0.7176185987473496 93.95333333333339 0.08211977487156912
677 0.867983685536359 2.816032685263456 9.003055637471054e-18
678 0.8679836497085163 2.8159718309859145 2.0840153607267156e-17
679 0.8679836802258144 2.815863623555931 3.152128767948964e-17
680 0.4447223196555548 92.9094339622641 1.1084827937020167
681 0.8679836662873123 2.8158354466046798 9.104245648793354e-18
682 0.7175958490214537 93.95333333333339 0.08227531927032906
683 0.8679836950675829 2.8160608622147074 1.2531877967489486e-17
684 0.7176221683289739 93.95333333333339 0.08190515806424976
685 0.86798375189677 2.8159199774584383 2.298515132819218e-17
686 0.8679836877977503 2.985872162485065 4.475924590679291e-18
687 0.5799923370426773 92.93679245283008 0.5974441364864733
688 0.8679836773152839 2.81614539306847 1.8126439849107073e-17
689 0.8679836771700338 2.816028169014083 8.31255798943535e-18
690 0.8679836718735475 2.815971830985919 1.8627500328925628e-17
691 0.8679836914028927 2.8159999999999967 8.010042842317802e-18
692 0.8679837037709969 2.8161172161172146 1.410797937705989e-17
693 0.867983684327874 2.81645533953226 8.77951588472132e-18
694 0.8679836977072793 2.8159154929577466 7.992576949800732e-18
695 0.8679836466912562 4.270354549337887 8.929550651242907e-18
696 0.8679837298043355 4.129244114002476 1.5964788594628636e-17
697 0.8679836639724294 3.6485401459854017 1.6761153333414147e-17
698 0.8679837210862151 2.815826527738665 1.673032455025184e-17
699 0.5799962279402059 92.93584905660374 0.5971586192083435
700 0.5799706159094852 92.93584905660374 0.5975836042960047
701 0.5799907194262764 92.93584905660374 0.5975625291493597
702 0.7176165903307471 93.95333333333339 0.08224189334024835
703 0.867983676775292 2.8159436619718328 1.8044015292398275e-17
704 0.8679836925356259 2.8160608622147074 3.2765693930616175e-17
705 0.8679837005071955 2.8159154929577466 9.920436919939553e-18
706 0.8679836895105268 2.8160000000000007 2.5658874986922322e-18
707 0.7176090827525815 93.95333333333339 0.08213094780418534
708 0.8679837225662862 2.8158354466046798 2.5525392111796833e-17
709 0.8679836908623588 2.8159718309859145 1.3003750326533336e-17
710 0.8679836567901141 3.2668954248366004 1.6441402698314078e-17
711 0.8679836875368154 2.8162299239222284 8.30508266599039e-18
712 0.8679836484756984 4.37305336832896 1.4011463941830964e-17
713 0.7176195095381108 93.95333333333339 0.08212663034526524
714 0.8679836656931913 2.8158354466046758 2.84701617156277e-17
715 0.7175956516495885 93.95333333333339 0.08234742467905792
716 0.8679837245965143 2.8159391720642057 9.490053905209233e-18
717 0.8679837142319782 2.815826527738665 1.3159247732117315e-17
718 0.5799954342502723 92.93679245283008 0.5975792076566261
719 0.8679836714478476 2.815859154929574 1.911461900863457e-17
720 0.8679837080038802 2.8159718309859145 4.6524966533469255e-18
721 0.8679836732439433 2.816032685263456 2.391028645746004e-17
722 0.7176171193251074 93.95333333333339 0.08223398616531398
723 0.8679836791376511 2.8158546888200484 8.811293846231402e-18
724 0.8679836880125139 2.8160000000000007 8.284490746706019e-18
725 0.8679837151878648 2.815863623555931 5.03713240135137e-17
726 0.8679837279006879 3.0275287704421543 2.5285705332655236e-17
727 0.8679837609433784 2.8159718309859145 2.2554847004813592e-17
728 0.7176125665783274 93.95333333333339 0.08215632196468899
729 0.8679836770894727 2.8159199774584383 1.3243934505028338e-17
730 0.867983673302422 2.815826527738665 1.7148326296725897e-17
731 0.7176081363404138 93.95333333333339 0.08233162603934985
732 0.7176170970513316 93.95333333333339 0.08217667049628412
733 0.8679837235293901 2.8162862778247395 1.580344301379111e-17
734 0.8679836645621877 2.8160000000000007 2.0806597563948e-17
735 0.8679836486528756 5.020843797086891 2.0574417545850562e-17
736 0.8679836705979936 2.8158072696534204 1.9633967060415058e-17
737 0.8679837052065071 2.8159154929577466 2.3646465959205487e-17
738 0.8679836847019873 4.172287145242065 5.842835324358531e-18
739 0.8679836981386972 2.8162862778247395 2.2635251796593686e-17
740 0.8679836681643133 3.17661264696536 2.364008773802166e-17
741 0.8679836456558961 4.373097112860896 7.188259640518685e-18
742 0.8679837175706898 2.815746478873242 1.8809997119554598e-17
743 0.8679836566106232 2.8159154929577466 1.2010540154236716e-17
744 0.7176081874967571 93.95333333333339 0.08217089030779612
745 0.7176004929287705 93.95333333333339 0.08209460123286347
746 0.8679836879214067 2.815742044494508 1.5613652475579025e-17
747 0.4447153664612929 92.9094339622641 1.1084850444923366
748 0.7176083690772219 93.95333333333339 0.08238676549170887
749 0.8679836730991152 3.200896573807235 1.699604997477919e-17
750 0.8679836897874558 2.8157183098591556 1.1278456123176193e-17
751 0.8679837450248771 2.815863623555931 1.3420962940398652e-17
752 0.7176087340021178 93.95333333333339 0.08222679248847349
753 0.867983742819205 2.816258100873488 8.890241809480707e-18
754 0.7176142504374594 93.95333333333339 0.08223309032447919
755 0.8679836668794432 2.8160608622147074 2.68997126557144e-18
756 0.5799782163857647 92.93584905660374 0.5976732279696619
757 0.8679836843035663 2.8157790927021686 8.199712601418066e-18
758 0.8679837051297161 2.815967333145593 9.490053905209232e-19
759 0.5799966457915436 92.93584905660374 0.5972967980956992
760 0.8679837192752579 2.81614539306847 2.0775229690205036e-17
761 0.8679836635161214 2.8160000000000007 3.169176322308844e-17
762 0.867983702007952 2.8158873239436644 2.6957375557160363e-18
763 0.8679836985673975 2.8159154929577466 1.0094220691497658e-17
764 0.8679836819199779 2.815826527738665 6.982637662490516e-18
765 0.8679836536060287 2.8159436619718328 2.5880616522086916e-17
766 0.8679837024351187 2.8161735700197212 2.594593161885663e-17
767 0.8679837054233005 2.8158828499014352 1.7994034161627773e-17
768 0.7176081177854534 93.95333333333339 0.08212695331998617
769 0.8679836938229603 2.816483516483516 1.3420962940398652e-17
770 0.8679836821479798 2.8161172161172185 2.0606374444544088e-17
771 0.8679836674455211 4.172245409015024 1.0816055234441627e-17
772 0.7175956745464476 93.95333333333339 0.08223248666506856
773 0.8679836514716638 2.8159436619718328 5.858019585673031e-18
774 0.8679836728250108 2.8161172161172146 5.881827394901139e-18
775 0.8679837062898754 2.816089039165963 1.7409832355627566e-17
776 0.8679837155764809 2.816089039165963 5.28677630773884e-18
777 0.8679837075735954 2.8165352112676048 1.0254468544831279e-17
778 0.8679836770006584 3.29176819229503 3.6459183921660827e-17
779 0.7176172822702241 93.95333333333339 0.08218004130980655
780 0.7176180617383274 93.95333333333339 0.08191260440764937
781 0.8679836713997263 2.9043288785589767 1.2968220971178934e-17
782 0.8679836745497608 2.8159436619718283 1.6140789643177263e-17
783 0.8679836778673478 2.816089039165963 6.5984766951465024e-18
784 0.7176187922164724 93.95333333333339 0.08191249374895919
785 0.8679836839391964 2.8158354466046758 1.3051426931287245e-17
786 0.8679836758205256 2.8159154929577466 9.595818594791043e-18
787 0.8679836846512626 2.8154604336806526 1.3311762604402008e-17
788 0.8679836611075086 2.8159436619718328 1.1606852198993975e-17
789 0.8679837611085417 2.8158354466046758 1.8079263420281116e-17
790 0.8679836608192631 2.9017126269956486 5.563121772277682e-18
791 0.8679836769889161 2.8159110109828225 9.981294280338402e-18
792 0.7176010348115256 93.95333333333339 0.08233384307670738
793 0.867983708512828 2.816281690140842 1.0169317272750138e-17
794 0.8679836715917639 2.81614539306847 1.0222619937338921e-17
795 0.8679836459251916 3.6444039372949293 1.7261431232446332e-17
796 0.8679836836168527 2.8159718309859145 9.001330748933819e-18
797 0.8679836858435728 2.8156294001689632 1.2688263138573217e-17
798 0.7176095088229807 93.95333333333339 0.08228131614087035
799 0.7176191143131636 93.95333333333339 0.08215363543424463
800 0.579989103492793 92.93584905660374 0.5978559963872686
801 0.8679837478085562 2.816366197183096 1.3656084211281583e-17
802 0.5799971780349928 92.93679245283008 0.5971487509230787
803 0.579971185405994 92.93584905660374 0.5972974350699437
804 0.8679837071112867 2.8159154929577466 9.870222427694751e-18
805 0.7176220421979654 93.95333333333339 0.08222437533216849
806 0.867983660568221 2.816028169014083 9.698829327542588e-18
807 0.8679836705500439 2.815863623555931 8.869257731888534e-18
808 0.8679836854200929 2.8159481544096936 1.3514353354233425e-17
809 0.8679837135697963 2.8162299239222324 1.6809029779588024e-17
810 0.5799701192097472 92.93584905660374 0.5972531369414391
811 0.579994814704151 92.93584905660374 0.5975546198166116
812 0.8679836820191793 2.815863623555931 1.7418749043718237e-17
813 0.867983696690363 2.815798366657278 4.485978453382214e-18
814 0.8679836751759136 2.8165398703860265 2.3944032400205387e-17
815 0.7175967105942463 93.95333333333339 0.08233713576457344
816 0.8679836784142082 4.170379641218187 7.10163321918325e-18
817 0.7176218421074501 93.95333333333339 0.08242251558229247
818 0.867983677246352 2.8158546888200524 6.881840490684709e-18
819 0.8679837489745114 2.815976331360945 1.889154551771082e-17
820 0.867983661151491 2.8159436619718283 2.5224319754745334e-17
821 0.8679836788170068 2.8160000000000007 1.543259820389436e-17
822 7.86953761357251e-16 43.71409691629958 0.2374667512238831
823 0.8679836591856084 2.8159436619718328 1.4974015527523235e-17
824 0.8679836901595377 2.8157790927021686 1.5755224170571112e-17
825 0.8679836832783384 2.8162862778247395 3.4898953282733904e-17
826 0.8679836390438209 3.4071233810497614 9.58389038781958e-18
827 0.8679836742616072 2.816056338028169 1.225245181910245e-17
828 0.8679836418681659 2.85282534246575 6.084260609132563e-18
829 0.8679836883272735 2.8157138834131206 5.772574430511702e-18
830 0.8679836654605322 4.270140965399405 2.880153651642784e-18
831 0.8679836712658003 4.270311832550187 2.858507096069528e-18
832 0.7176082061243344 93.95333333333339 0.08212601616279452
833 0.8679837032142411 2.8161172161172146 1.3881633474673827e-17
834 0.8679836656574703 2.8159436619718328 1.0080366626833509e-17
835 0.8679836976572636 2.8158354466046798 1.607523910384677e-17
836 0.7176089669576146 93.95333333333339 0.08210115907301253
837 0.7175981951034748 93.95333333333339 0.08233492777097294
838 0.8679836712514762 2.8159154929577466 6.208055217621457e-18
839 0.5799775998791633 92.93679245283008 0.597242600828399
840 0.5799723606691581 92.93584905660374 0.5974018888164842
841 0.8679836756196658 2.81614539306847 1.726833762175142e-17
842 0.8679837230247224 2.8161172161172146 9.907907155646795e-18
843 0.867983661373541 2.8158873239436644 1.710843798107458e-17
844 0.8679837445995803 2.8162862778247395 4.874166920496099e-18
845 0.7176107769250916 93.95333333333339 0.08223086910326369
846 0.8679836696521592 2.8159436619718283 2.25906177984321e-17
847 0.8679836964269442 2.8158354466046758 4.81003035072559e-18
848 0.7176136349788736 93.95333333333339 0.08228392314252858
849 0.7176159167228555 93.95333333333339 0.08228393431869761
850 0.8679836774709393 2.8159436619718328 1.0088065678308603e-17
851 0.7175969948884294 93.95333333333339 0.08220331394570154
852 0.8679836910716188 2.8160045083122007 1.5981267876959966e-17
853 0.7176171702365439 93.95333333333339 0.08233347130614198
854 0.8679836988837772 2.8159481544096896 9.539014095529613e-18
855 0.8679836634195675 2.815971830985919 2.1121389988816425e-17
856 0.7176154968609181 93.95333333333339 0.08206825540586929
857 0.8679837083874128 2.8158873239436604 1.9573769182056547e-17
858 0.8679836877842625 2.8161172161172146 3.0821397041627757e-17
859 0.867983737474982 3.1765490943755976 1.6905959236571163e-17
860 0.8679837046625237 2.816032685263456 1.647311387199911e-17
861 0.867983701779427 2.815694561848406 2.9505601248067205e-17
862 0.8679837193390396 2.816032685263456 1.1427538165741416e-17
863 0.8679837277949964 2.8159718309859145 1.5660324228251283e-17
864 0.7176070332009941 93.95333333333339 0.08216329324732694
865 0.8679836919259029 2.815976331360945 1.6763703639288132e-17
866 0.4447191748036189 92.9094339622641 1.1076968466915602
867 0.8679836543624847 2.815859154929578 7.434977892514569e-18
868 0.8679836847687326 2.8159110109828225 1.864749586236374e-17
869 0.8679836901526601 2.8162862778247395 1.5253466925795043e-17
870 0.4447124962677441 92.90849056603763 1.1078458488768357
871 0.7176021797040711 93.95333333333339 0.08231376803518195
872 0.505870662762061 93.38584905660372 0.47963033432275604
873 0.867983643137349 4.373009623797031 2.527144792086273e-18
874 0.4447205491567592 92.9094339622641 1.1084359024063557
875 0.8679836972198657 2.8156619718309877 1.2347134993866634e-17
876 0.8679837166596699 2.815924464487033 2.682630210965302e-17
877 0.8679836680252124 2.81580281690141 8.477179079200491e-18
878 0.867983666472935 5.306157112526541 9.539050024519447e-18
879 0.8679836721513913 2.815891800507187 6.856975819014617e-18
880 0.7176150566686261 93.95333333333339 0.08245803965574554
881 0.7176155128938317 93.95333333333339 0.08226860360489921
882 0.8679837449235858 2.8159718309859145 1.3330413069035835e-17
883 0.867983667500953 2.8158918005071825 6.1653876658466064e-18
884 0.7176125886814689 93.95333333333339 0.08232558930302718
885 0.8679836578572726 2.8159154929577466 1.0955808424402385e-17
886 0.8679836579416823 2.816201746970977 8.148422340184151e-18
887 0.5799837461610691 92.93584905660374 0.5971028701482193
888 0.7176149726508011 93.95333333333339 0.08255057511389996
889 0.8679836811605449 2.816258100873488 9.58772427146548e-18
890 0.8679836842458539 2.8161172161172185 2.3398257668328013e-17
891 0.7176204850525479 93.95333333333339 0.08203011920982649
892 0.8679836524770163 3.3783372761067927 1.6437550465991497e-17
893 0.8679836689964019 2.816032685263452 2.7429035514217675e-17
894 0.8679836821368876 2.8158873239436604 2.2197466300597325e-17
895 0.5799862231114842 92.93584905660374 0.5972103997066595
896 0.44471636244837326 92.9094339622641 1.107687792050161
897 0.5799915198232429 92.93584905660374 0.5974515066227402
898 0.8679836833234986 2.8161735700197257 6.5984766951465024e-18
899 0.7176081064403566 93.95333333333339 0.08212335370168997
900 0.7176197824594379 93.95333333333339 0.08204900802223015
901 0.7175984739021711 93.95333333333339 0.08212483584499866
902 0.867983696291874 2.8161735700197212 1.4282995892151053e-17
903 0.4447172897651824 92.9094339622641 1.1077518657942436
904 0.5799858758829938 92.93584905660374 0.5976862838627556
905 0.8679836984822255 2.8160000000000007 1.4106878696006758e-17
906 0.8679837035810768 2.8161217587373186 2.511636088573564e-17
907 0.8679836837449657 2.815967333145593 1.9413662006256262e-17
908 0.7176043098515501 93.95333333333339 0.08238552226392891
909 0.8679836583729353 2.8159436619718328 1.213913632703406e-17
910 0.8679836873690286 2.815891800507187 1.0820326245585672e-17
911 0.867983739523893 2.8159718309859145 1.783454631958498e-17
912 0.8679836889972584 2.816314454775995 4.655832972637892e-18
913 0.8679836521511464 2.8159999999999967 1.5056745524658882e-17
914 0.8679836867490286 2.8158354466046758 1.389505000500391e-17
915 0.8679836908420637 2.8159436619718283 9.015120616457901e-18
916 0.8679837266101629 2.8159436619718283 2.0452074065248186e-17
917 0.8679836743896783 2.815859154929574 5.7185229178381734e-18
918 0.8679836791071284 2.8161735700197257 7.821729514932911e-18
919 0.8679837275584467 2.8159526493799323 1.0820326245585672e-17
920 0.7176201252401565 93.95333333333339 0.08201729093636977
921 0.8679836817016982 2.8159718309859145 1.3248623453486464e-17
922 0.8679836963184913 2.8159436619718328 2.0436124065407865e-17
923 0.8679836936435839 2.816201746970981 8.015856349440166e-18
924 0.7176047787079779 93.95333333333339 0.0821779815237205
925 0.8679836493318419 2.8159154929577466 7.19079320359911e-18
926 0.7176099316755591 93.95333333333339 0.08217966867334763
927 0.8679836814125508 2.8159436619718283 2.1773703735181142e-17
928 0.8679836893189752 2.816028169014083 1.703202815690649e-17
929 0.8679836682864145 2.8158873239436604 1.8997280311896303e-17
930 0.8679836725268488 2.9255779923909855 2.7948514837986095e-17
931 0.7176199629935865 93.95333333333339 0.0820200891490465
932 0.8679837040319395 2.8158072696534244 1.0403298781974e-17
933 0.8679836625475933 2.8159154929577466 2.59650754953787e-17
934 0.8679836704507496 3.6431122448979583 1.6360710658814163e-17
935 0.8679836536947073 4.272094017094016 7.33028099821392e-18
936 0.8679836727087593 2.8159718309859145 1.749613248525937e-17
937 0.4447219878332345 92.9094339622641 1.1084813459441594
938 0.5799965981977498 92.93584905660374 0.5973542873851778
939 0.8679836917752566 2.815971830985919 2.4443996575574825e-17
940 0.8679836810218965 2.815826527738665 1.7867600669758114e-17
941 0.8679836965199013 2.815742044494508 5.113587905335469e-18
942 0.7176082668559313 93.95333333333339 0.08221069112781773
943 0.8679836938662013 2.815971830985919 1.5303266830370503e-17
944 0.8679836732428791 3.6418579234972657 2.287171980922051e-17
945 0.8679837081769746 2.8158546888200524 1.0218062032703933e-17
946 0.8679836748784174 4.172078464106846 9.96577160266643e-18
947 0.7176090300960627 93.95333333333339 0.08228237532575922
948 0.8679837426220275 2.815863623555931 1.410797937705989e-17
949 0.867983723982664 2.8159718309859145 6.733581302610599e-18
950 0.8679836883003722 2.8160000000000007 9.92200202792751e-18
951 0.8679836936761398 2.8162862778247395 1.5517886772919854e-17
952 0.8679836604557701 2.815859154929578 2.4992408291378014e-17
953 0.8679836834067812 2.8160000000000007 2.03424514986249e-17
954 0.5799937899258926 92.93679245283008 0.597407152873985
955 0.867983715978355 2.815722738799662 2.049454671158836e-17
956 0.8679836621013975 2.8159436619718283 1.873306767685826e-17
957 0.8679836766152904 2.8159154929577466 7.951674008963838e-18
958 0.8679837655536292 2.8158354466046798 3.354963048513389e-17
959 0.867983658443189 2.8159718309859145 1.2046685455679185e-17
960 0.7176217687801673 93.95333333333339 0.08191514125186831
961 0.8679836978628035 2.816032685263452 2.7505918369673145e-17
962 0.7176126353277241 93.95333333333339 0.08217478158706068
963 0.7176132059603596 93.95333333333339 0.08217788515424432
964 0.8679837441704622 2.815863623555931 6.8024101574223434e-18
965 0.867983714221575 2.8159718309859145 1.3116699307604484e-17
966 0.8679837174581235 2.8159526493799323 3.2445667856246386e-17
967 0.8679836544888498 2.8158873239436604 2.4482081246670698e-18
968 0.5799789752156077 92.93584905660374 0.5973504857683868
969 0.8679836541553982 4.271965811965809 2.4619258884159677e-17
970 0.867983700681537 2.816028169014083 8.8112938462314e-18
971 0.8679836874422909 3.6431122448979583 1.0723496161865858e-17
972 0.8679836618283419 2.8159110109828225 3.960184042114248e-18
973 0.8679837314951402 3.1765173180807116 2.4112814261843586e-17
974 0.8679836674509874 2.8159154929577466 1.9595968862599432e-17
975 0.717615530576613 93.95333333333339 0.08202597750184448
976 0.8679836873361771 2.816201746970977 1.1002480252299273e-17
977 0.8679837381401432 2.815573078006197 1.9879185022409595e-17
978 0.8679836997050423 2.8159110109828225 1.7354446633349895e-17
979 0.8679837408142941 2.8159154929577466 9.718022280339474e-18
980 0.8679836578648826 2.815859154929578 2.1511109676119143e-18
981 0.8679836712091696 2.8159718309859145 1.545170356164985e-17
982 0.8679837121640464 2.816032685263456 7.932122285230636e-18
983 0.8679836819203113 2.816028169014083 1.4173863823439904e-17
984 0.8679837143201777 2.8160045083122007 9.697228200114832e-18
985 0.7176100870230158 93.95333333333339 0.0821991660164986
986 0.8679836805489054 2.815863623555931 1.2689486870373196e-17
987 0.7176149106307552 93.95333333333339 0.08226318262394966
988 0.8679836695484562 2.8159718309859145 2.4117205011798326e-17
989 0.8679836859051182 2.81614539306847 5.3943544040866776e-18
990 0.8679836646351728 2.8160000000000007 8.148422340184151e-18
991 0.7176149991013068 93.95333333333339 0.08216456664744819
992 0.8679836841306198 2.8159154929577466 7.265979045273392e-18
993 0.8679836919246986 2.81614539306847 3.2398733274427104e-18
994 0.8679836746725339 2.8159718309859145 8.295729039116743e-18
995 0.8679836994564211 2.815863623555931 1.3477535704747694e-17
996 0.7176032318452182 93.95333333333339 0.08212260099294873
997 0.8679836912595612 2.815976331360945 1.804917785469715e-17
998 0.7176145872693122 93.95333333333339 0.08244128301029663
999 0.8679836609395698 2.833531746031745 1.6201283608599142e-17
1000 0.8679836778858205 2.953293943870013 9.2602399646625e-18
